2173
71544
72404
38346
77542
49087
37363
28791
27062
18890
41015
68038
10282
78173
61175
69577
37829
5464
29700
35403
9563
27721
43813
21696
13241
13143
62590
3245
7999
7685
16100
9355
68511
79192
64211
9982
69701
12847
3997
69218
32948
59963
42130
45747
22958
9268
47702
50258
10488
23970
63734
39426
11399
44288
28087
51527
38162
12701
50960
74188
23512
46807
305
26794
5438
65741
63137
20008
52110
63552
64307
70786
34595
35899
61297
11622
11087
22711
2727
66267
59047
61033
31299
48074
63786
65633
30102
54049
76834
46855
76674
34068
66485
57481
78271
66910
38203
53272
48676
59156
7381
71613
61480
69191
10186
38602
68595
72536
58142
39853
65508
27470
74991
51108
12323
12143
39881
57372
17278
44610
38667
77231
70314
45337
59970
77530
56331
37800
66622
30843
45650
59443
41276
18085
2655
24339
77562
43936
39106
53013
30873
35486
54518
33599
46382
76334
6073
26547
61742
17231
54531
67427
28214
73077
48325
45243
40189
72612
49230
39911
64276
1612
48897
3520
66780
19854
56324
35367
50994
66561
38351
71218
47724
79689
67786
40567
28081
71789
12358
73431
11988
4826
69328
55352
79070
56908
32170
69564
1390
697
48490
65546
28603
27581
78927
26943
74951
48555
32389
78200
52064
32202
74780
21993
51877
6136
72884
62232
29510
21534
34761
13261
61239
3963
39893
71956
28386
38057
32726
17568
9536
43548
28003
17724
55043
66461
58845
11238
31785
50325
53826
60654
44580
69439
17962
16566
79949
19922
35348
64227
71013
22944
62709
49930
45739
9139
50613
45646
54290
1039
52842
52182
28015
56369
40555
33661
34493
41020
72048
76264
9662
68191
51902
41420
60203
10468
57637
13721
56121
54140
60317
77084
27486
68776
35857
75065
34822
76366
52210
31079
62032
67406
23693
27585
45838
5035
74683
33304
16589
69785
31861
68499
69584
78644
24911
42788
77630
72643
33833
66511
58155
68525
16366
13454
2866
28066
17267
13168
71632
62311
78430
37974
53323
13942
3858
39393
22583
58098
72510
5742
68229
37242
27662
53981
71346
40396
58262
22391
12533
76818
384
44277
21114
45924
8815
3770
28392
28187
26121
77958
4499
63127
41867
37540
61089
44136
42153
30596
29401
47934
63768
79642
8923
75773
44534
1419
54579
22723
19277
40304
30530
51486
38756
46130
52298
25713
13773
22936
35529
67207
26321
62574
35233
69681
28772
17090
72200
34521
55636
72609
74722
3969
65944
12785
57522
55833
34344
58172
19366
61216
57985
65734
63297
27401
53359
27732
8301
41325
60319
25046
50890
30502
25074
46245
63771
37953
26313
77312
40514
31493
21237
76842
48370
28755
62876
12593
29894
1624
38977
7660
52585
13859
66456
21473
44835
8241
70465
4713
79386
18896
22024
22161
763
34116
30264
14554
60905
46476
70499
27704
71024
55217
49749
49265
70982
61653
78929
7546
45968
31465
29204
2973
45876
23831
37788
4312
25543
58672
2737
68725
34513
74317
69470
64616
74918
48811
61584
34240
33057
1878
11532
36991
79392
73667
77060
41671
1197
40491
28511
17815
37986
18498
75094
46279
10640
61803
72277
70213
8279
54795
15453
51369
6437
39798
24493
61504
22511
73858
42317
34066
78538
79519
9583
52643
71253
73717
55424
55354
15968
33323
24425
44014
72417
4903
76303
1215
60250
34546
57743
39744
9992
74660
25204
22373
22881
34634
20595
1979
79220
2599
79103
39752
31462
46389
36788
61985
64463
18535
66776
68790
44469
69381
79112
77034
41386
62172
43149
74298
69225
75927
33948
12775
22861
34719
20561
8295
29778
13590
68911
63801
31987
40795
3431
53442
37841
7973
67777
46350
51889
64931
16328
9509
3883
53115
75362
36939
29078
65887
45870
52593
15553
37809
75905
26915
17240
6611
61080
59274
18445
71638
52135
52282
28399
31694
19216
73620
53661
23769
8085
16866
16033
60172
15699
45055
10266
69116
61373
67064
57791
52275
51862
8717
42241
67569
35754
10412
30514
68890
51147
29530
4295
16264
5707
43991
49291
56173
8440
67806
289
57608
25101
68413
67820
18688
27290
38385
2157
21119
30988
78025
40130
14037
78719
49526
29521
34961
37175
62415
18716
78282
43388
36777
60418
66487
15454
22814
17686
47938
63928
76069
76337
25775
5056
43287
27398
19238
26365
68540
46684
58481
30424
6808
25846
42233
23576
77599
46323
30070
30063
77248
78073
41626
50651
26622
20611
13642
55751
76566
70471
37710
79406
53655
50885
38660
66197
47183
71099
12765
15905
76583
49497
75528
26938
29708
37275
34864
36152
63540
52007
12265
19698
40360
58108
43016
2908
45364
31114
32492
33475
46906
74437
5359
29399
9054
55713
19990
61061
68203
15142
47444
18293
13008
35106
58246
46163
74197
1651
40842
70326
2000
29656
9523
29644
75168
72792
34730
29052
24455
71726
75034
52913
38737
7015
9344
21916
63943
8338
25663
68092
25774
24710
42174
13936
26250
44661
34677
26910
54806
58851
67113
39964
60171
7421
18924
1187
36961
67158
8525
20636
487
22792
78866
49045
72851
28239
57312
27204
43010
51630
9620
13383
34442
35757
50319
53548
24800
52361
33664
74531
859
4010
77859
42484
62460
31859
13296
30820
27291
43645
16605
43188
490
26429
645
69606
18025
42478
21759
6478
18782
28759
12462
57008
40217
21303
56448
21122
67705
48913
37375
14699
9092
67067
24742
70436
62002
6206
50966
45411
46212
74438
43678
23879
77993
46385
14525
20621
5045
18776
11348
50003
77096
72477
61247
63427
43933
56810
41219
3506
38923
76397
65575
51926
27584
68420
31223
75634
53407
76999
62404
460
30233
67086
77351
75687
12174
73844
53877
26287
8575
20069
66956
65407
24509
44863
77156
57437
42932
62125
76937
29022
28647
3373
49587
74166
25651
2265
48800
35708
20819
24362
28940
29451
51433
22544
44010
46008
44537
40028
45506
42415
24654
63042
2632
22984
14493
56738
52094
64952
49903
42566
57015
56229
67105
79622
50232
74416
34345
13616
33961
22188
31793
73297
51371
68780
37032
46168
9853
30455
71186
6015
37762
44374
8235
59173
14452
69239
995
41608
28698
2379
36506
38209
1956
38801
67015
44926
62321
58945
2570
62081
52269
54439
77806
65116
58456
76106
55349
22777
74848
70695
53462
35510
65213
42251
7490
36994
35281
68223
73612
46682
31149
77524
13245
34466
37479
15802
1766
5954
66159
56542
78020
3625
36189
30749
20408
19966
41986
46921
17619
31691
54216
51043
11676
77902
32518
10337
16164
11516
59057
23110
16689
4689
41904
42613
35515
23064
28369
33874
14707
60197
49700
77550
8172
7130
32973
55866
52421
49790
66111
25364
42172
70268
70477
40697
15705
27685
38246
4927
65390
30174
14147
78060
68305
26627
71158
51429
1759
36065
15869
79891
50860
52237
36322
7927
41721
59549
48377
14994
53441
8613
41840
39135
44921
18449
32943
41035
55402
48121
42382
12140
18937
16638
35504
35002
70456
9655
906
66071
78724
75177
75327
42365
13672
47409
40819
31124
27928
4282
72841
77245
5918
1922
36182
27325
44428
78581
65742
34458
25422
38558
41182
13602
15741
79860
68975
19636
1886
16957
66784
52249
17557
31953
79432
31116
48781
47431
68461
3514
3418
40648
59763
26074
60436
69899
8229
54632
18914
71009
5332
2846
61924
73770
8619
35740
29196
17702
15948
2646
24901
22671
71147
51244
64866
8419
12981
42539
7691
34736
74457
3593
42706
3958
38601
35294
13397
415
79429
18056
26445
16253
67190
77588
27101
69841
51188
38809
61245
54033
21848
64934
71812
14660
70390
43603
19118
52008
76923
55415
73553
65072
25776
70831
55401
68058
53150
61011
69024
43169
34403
47989
30801
5399
980
53738
75216
39568
45799
49115
60699
68025
75888
10556
48997
24561
54362
12267
62168
72396
40448
2032
11686
13153
74264
65950
60645
21287
60757
37794
40415
50946
1550
20811
66018
17522
43964
35684
8438
15442
73314
9667
68571
35694
20516
51869
33441
16752
46504
52538
40757
33388
32912
52812
71816
60189
65003
43713
67590
46542
26345
17334
75090
32922
79839
23652
67110
3147
24060
11241
47670
956
39588
16089
16967
69746
50151
2743
38649
54754
28856
53145
76054
69819
21154
37927
55092
78001
60338
43073
29458
37474
26865
65121
56859
58723
30203
51537
49534
72021
51098
18471
30635
52804
19214
68613
67946
9083
2473
78329
40162
65576
5809
64799
30679
61210
35227
19319
23350
44702
57107
65224
13740
75938
48322
8898
45672
78695
39761
24367
44429
76409
5613
33705
67581
5424
28679
14184
66195
48685
72965
38534
6299
69948
40175
36587
6493
76783
67819
50279
46923
46142
320
65239
29130
42399
41792
52874
853
48589
46379
8718
51777
51003
60659
52911
20070
74025
5595
20839
68987
33231
39350
16084
70812
37258
41809
15692
69633
70125
18568
58686
25689
25606
5869
39412
61920
71112
21149
51920
50227
50539
41087
14705
4415
34024
484
70662
33550
62367
19931
72833
44650
47295
1162
39997
53183
36534
72737
4966
10407
67472
54566
49884
28223
34542
12841
47159
28808
62379
22175
15002
17012
75745
45774
24227
35752
12878
20694
4487
33702
69978
37048
68621
36932
7315
45685
77706
61302
11402
70149
36978
29254
18829
40563
54809
27189
32147
40424
37393
46155
58320
23069
49933
7602
67900
58005
59301
6864
41598
27147
33362
54146
67473
40454
57736
72551
37791
61899
78618
41859
48688
12289
59542
29808
52212
14488
76853
38312
41164
21470
59380
42030
61532
44421
71668
51809
28057
15244
43230
1484
29219
55063
13292
76839
25443
32685
4581
73003
54202
21862
10833
73486
28596
5349
64877
15328
10842
25316
26756
79803
45540
61261
59568
18810
917
33306
49229
79518
53762
18002
30428
66768
40042
66984
46238
19882
28401
74106
12722
58432
50848
60797
15398
22868
25136
49346
6698
43125
49011
49480
16794
48063
14989
62584
49660
50991
71822
16816
74163
50340
23322
17709
35588
27491
20752
19304
52521
55986
33845
62541
59808
28631
38949
36011
46597
74234
64742
44018
71968
39697
17681
32732
41910
49328
59263
58859
74468
79539
20986
5276
15798
9345
70426
40362
41396
75718
33701
46462
28243
58849
41053
41115
37461
47472
74508
65482
65091
31844
6438
4407
44813
28628
24955
47820
65800
45367
16213
1946
73554
22709
25131
12883
2252
48134
63371
58766
79926
22465
2862
14631
74262
70784
37669
60505
36966
68116
63355
61585
69829
30711
7908
42269
23623
19371
34027
29980
14900
75036
59027
30789
21881
69805
7126
57102
74505
11895
63162
68044
46616
31717
25114
70696
45324
51676
9272
48683
47116
32431
11915
8903
21968
78197
62659
15300
69004
77379
12484
62476
45050
79610
40184
65274
64479
56190
55126
9798
12791
2209
69904
38853
42238
23741
1214
35140
29909
72939
68179
20412
71525
20361
59207
54405
62732
36643
42844
22252
62660
41515
4756
46813
623
31602
36984
43560
13521
11943
2786
68777
10538
73110
53896
55980
18188
23050
17359
53107
65057
14005
15646
72025
58016
25375
55112
69714
65533
59084
72386
64331
71036
24542
73551
44274
27324
38050
42996
46617
71677
20202
40817
69716
23679
53072
60215
39592
11523
78962
74255
17462
10350
37703
68031
53582
46229
30725
12526
17614
33461
32552
18232
11949
72131
55337
40983
30604
31677
69891
59908
76168
29002
48731
14032
77833
45504
11474
77609
39383
70989
78553
25653
401
54482
62252
14486
72512
42278
47974
18991
65235
45715
60207
68764
5619
9793
8634
32557
52972
35210
45962
42548
14459
33010
10015
75154
68954
52998
48305
34767
53236
16534
8925
49190
46390
12316
1128
60055
64429
41835
76549
29029
12010
855
53785
65906
65689
69859
9010
47337
44441
59683
60624
45755
15516
3981
51487
15990
69852
63788
65970
43085
50903
25496
11251
42267
36029
54637
62963
29456
60786
18536
10118
22082
54406
33911
39274
79810
20295
12460
12255
69285
27530
50235
6281
74360
925
44909
28531
13766
77843
50124
26630
64436
30342
56425
13504
51288
7760
77051
44450
36575
79685
36799
16855
57190
46801
12402
47488
11778
21273
16170
67040
72793
20928
14380
69227
69876
24711
66444
51699
64128
23082
14643
59772
16118
13253
9712
38228
32315
79552
19350
73177
76813
22198
48282
40885
11705
48599
41966
39654
66519
32476
51353
63193
42303
70070
6713
70665
56212
70427
46139
64413
10555
9137
48021
28666
79296
67974
69767
38161
27774
35171
13384
3587
65984
19235
70050
70486
19629
59333
26261
4106
50627
31749
70956
72432
26508
34804
411
19391
66849
34818
54663
41226
34028
66627
46361
48102
7614
64375
18497
47252
77900
63922
49798
36053
35535
51578
51707
1801
35047
29098
70421
33268
3082
56626
22469
77167
43927
67997
57971
58343
2208
16821
53458
58226
53291
51952
33913
40933
69246
51860
17052
33165
35029
42260
76770
64126
10270
47651
31896
9266
57960
68567
17836
60577
36423
11449
56284
52080
52009
76488
32861
31431
61103
53294
64979
8556
12880
16343
74017
53406
46329
5417
47502
67433
38083
60315
66982
16479
40061
3030
46387
54311
63093
74291
55166
32914
48193
15876
53599
30772
43917
76058
56825
5638
59932
5999
36826
35219
41898
23470
71286
64736
6990
77237
63521
62828
20304
29631
44452
44988
42028
38286
22230
30287
44290
40843
71753
51793
12519
2657
20686
34044
66094
55562
30968
57270
14964
12938
46911
18021
43532
58527
40702
34912
26678
70883
79905
66869
9702
37406
70131
63583
38009
69813
71167
22039
79487
63350
27822
374
5522
58585
77454
45839
55563
77448
18457
14083
41364
5213
65145
29666
32628
2901
33782
17855
34707
70165
43042
51477
22191
43895
1636
55864
79304
77683
70359
54999
38096
20971
16212
69138
26971
12468
49492
71475
26995
63741
75963
42530
29797
64185
4973
72825
20291
70023
73624
44745
8642
68985
78213
31208
71736
64572
73347
64732
34984
50663
17769
72782
6418
18057
27517
66378
64083
57244
69392
23162
71221
2983
78198
12281
72188
2
